%YAML:1.0
---
model_type: KANNALA_BRANDT
camera_name: camera
image_width: 640
image_height: 544
projection_parameters:
   k2: -0.10269764453263813
   k3: -0.010918491521183144
   k4: 0.015006542246158805
   k5: -0.006613097254786052
   mu: 378.54737978190246
   mv: 378.48344962526437
   u0: 322.3704562939458
   v0: 281.3412197840362

